49,3
49,2
49,1
49,0
10,272
10,226
10,212
10,214
10,248
10,90
10,92
10,302
11,11
11,23
11,27
11,8
11,24
9,6
9,4
8,4
8,9
8,11
8,6
8,17
46,3
46,2
46,1
46,0
45,5
45,4
45,3
45,2
45,1
45,0
44,4
44,3
44,2
44,1
44,0
43,4
43,3
43,2
43,1
43,0
42,4
42,3
42,2
42,1
42,0
36,3
36,2
36,1
36,0
20,3
20,2
20,1
19,3
19,2
19,1
12,3
12,2
12,1
11,26
11,22
11,21
11,17
11,16
11,12
11,7
11,4
11,3
11,2
18,1
11,1
18,3
10,293
10,253
14,1
10,251
14,3
10,231
10,179
13,1
10,95
13,3
10,89
10,5
10,3
10,2
10,1
9,7
9,5
9,3
9,2
9,1
8,15
